0 0.142140 0.713552 0.186176 0.141684
0 0.328317 0.836756 0.188406 0.240246
0 0.577480 0.890144 0.173913 0.174538
0 0.761984 0.850103 0.130435 0.139630
0 0.849498 0.607803 0.289855 0.287474
0 0.173913 0.478439 0.160535 0.106776
0 0.045151 0.480493 0.070234 0.057495
0 0.039019 0.589322 0.060201 0.086242
0 0.797101 0.440452 0.140468 0.104723
0 0.621516 0.427105 0.085842 0.065708
0 0.080825 0.341889 0.105909 0.030801
0 0.115942 0.361396 0.071349 0.032854
0 0.101449 0.403491 0.091416 0.034908
0 0.260870 0.359343 0.120401 0.041068
