0 0.476031 0.929158 0.216276 0.100616
0 0.605909 0.844969 0.206243 0.108830
0 0.737458 0.757700 0.076923 0.061602
0 0.848384 0.913758 0.287625 0.168378
0 0.732999 0.668378 0.094760 0.043121
0 0.848941 0.645791 0.050167 0.047228
0 0.816611 0.601643 0.047938 0.036961
0 0.680045 0.610883 0.093645 0.043121
0 0.633779 0.579055 0.070234 0.041068
0 0.589186 0.541068 0.070234 0.039014
0 0.646600 0.508214 0.053512 0.022587
0 0.662765 0.432238 0.063545 0.022587
0 0.530100 0.421971 0.096990 0.039014
0 0.489967 0.387064 0.047938 0.018480
0 0.429208 0.392197 0.042363 0.036961
0 0.441472 0.467146 0.062430 0.014374
0 0.487179 0.478439 0.091416 0.036961
0 0.354515 0.510267 0.098105 0.030801
0 0.539019 0.701232 0.130435 0.055441
0 0.518952 0.606776 0.114827 0.043121
0 0.351171 0.709446 0.075808 0.039014
0 0.404125 0.788501 0.215162 0.082136
0 0.266444 0.837782 0.131550 0.065708
0 0.259755 0.509240 0.091416 0.057495
0 0.360647 0.386037 0.070234 0.032854
0 0.383501 0.595483 0.093645 0.049281
