0 0.579710 0.785421 0.160535 0.100616
0 0.712932 0.956879 0.141583 0.078029
0 0.633222 0.623203 0.107023 0.039014
0 0.780936 0.608830 0.183946 0.063655
0 0.721293 0.676591 0.247492 0.067762
0 0.439799 0.609856 0.163880 0.061602
0 0.476589 0.559548 0.210702 0.071869
0 0.611483 0.519507 0.212932 0.057495
0 0.734114 0.466119 0.063545 0.032854
0 0.725753 0.416838 0.064660 0.032854
0 0.666667 0.395277 0.098105 0.034908
0 0.539019 0.433265 0.112598 0.045175
0 0.272018 0.516427 0.124861 0.055441
0 0.406912 0.480493 0.185061 0.057495
0 0.384615 0.378850 0.080268 0.039014
0 0.928094 0.489733 0.128205 0.088296
0 0.906355 0.577002 0.164994 0.094456
