0 0.403567 0.661191 0.178372 0.147844
0 0.490524 0.559548 0.124861 0.149897
0 0.675028 0.671458 0.210702 0.102669
0 0.687848 0.847023 0.211817 0.223819
0 0.617614 0.532854 0.062430 0.063655
0 0.620959 0.363450 0.086957 0.069815
0 0.665552 0.317248 0.127090 0.071869
0 0.535117 0.309035 0.080268 0.051335
0 0.555741 0.263860 0.059086 0.047228
0 0.586399 0.241273 0.062430 0.047228
0 0.371237 0.442505 0.057971 0.043121
0 0.065217 0.459959 0.119287 0.078029
0 0.409142 0.282341 0.037904 0.022587
0 0.756968 0.540041 0.162765 0.143737
0 0.772018 0.438398 0.112598 0.084189
